0	0.0		-0.1163987744	1.0	0.5	16.0
0.05	0.156434465	0.003284290695	1.0	0.5	16.0
0.1	0.3090169944	0.2167976526	1.0	0.5	16.0
0.15	0.4539904997	0.1604783132	1.0	0.5	16.0
0.2	0.5877852523	-0.1846236077	1.0	0.5	16.0
0.25	0.7071067812	0.2998280485	1.0	0.5	16.0
0.3	0.8090169944	0.1637182983	1.0	0.5	16.0
0.35	0.8910065242	0.1422138382	1.0	0.5	16.0
0.4	0.9510565163	0.2083462737	1.0	0.5	16.0
0.45	0.9876883406	0.1310143483	1.0	0.5	16.0
0.5	1.0		0.4112010188	1.0	0.5 	16.0
0.55	0.9876883406	0.4479495366	1.0	0.5	16.0
0.6	0.9510565163	0.010506201	1.0	0.5	16.0
0.65	0.8910065242	0.08754623539	1.0	0.5	16.0
0.7	0.8090169944	0.1598331746	1.0	0.5	16.0
0.75	0.7071067812	0.4586019554	1.0	0.5	16.0
0.8	0.5877852523	0.1099695517	1.0	0.5	16.0
0.85	0.4539904997	0.1071616854	1.0	0.5	16.0
0.9	0.3090169944	0.2171501058	1.0	0.5	16.0
0.95	0.156434465	0.1214173018	1.0	0.5	16.0
1	0.0		0.1197711929	1.0	0.5	16.0
1.05	-0.156434465	0.2940612833	1.0	0.5	16.0
1.1	-0.3090169944	0.1685093228	1.0	0.5	16.0
1.15	-0.4539904997	0.1180092375	1.0	0.5	16.0
1.2	-0.5877852523	0.15548867	1.0	0.5	16.0
1.25	-0.7071067812	-0.03535528144	1.0	0.5	16.0
1.3	-0.8090169944	0.01454503813	1.0	0.5	16.0
1.35	-0.8910065242	0.1039932657	1.0	0.5	16.0
1.4	-0.9510565163	-0.05647186678	1.0	0.5	16.0
1.45	-0.9876883406	-0.06077773578	1.0	0.5	16.0
1.5	-1.0		-0.01815135043	1.0	0.5 	16.0
1.55	-0.9876883406	0.03587202944	1.0	0.5 	16.0
1.6	-0.9510565163	-0.09794873003	1.0	0.5	16.0
1.65	-0.8910065242	-0.3269005901	1.0	0.5	16.0
1.7	-0.8090169944	-0.3029163504	1.0	0.5	16.0
1.75	-0.7071067812	-0.3496318896	1.0	0.5	16.0
1.8	-0.5877852523	-0.1417992364	1.0	0.5	16.0
1.85	-0.4539904997	-0.02957744063	1.0	0.5	16.0
1.9	-0.3090169944	-0.4007759563	1.0	0.5	16.0
1.95	-0.156434465	0.03657217541	1.0	0.5	16.0
2	0.0		0.03735793191	1.0	0.5 	16.0
		
